信用卡：
5365957721608205|01|2025|162
5365957721608205|08|2023|134
5365957721608205|12|2023|546
5365957721608205|07|2023|147
5365957721608205|12|2024|024
5365957721608205|08|2025|868
5365957721608205|08|2023|756
5365957721608205|01|2025|842
5365957721608205|04|2026|067
5365957721608205|02|2025|136
https://namso-gen.com/
https://www.ke1.nl/en/ccgen/
KE1 CCGEN
信用卡生成器
5365957721608205|05|2026|736|MasterCard/Access/Eurocard
5365957721608205|10|2025|992|MasterCard/Access/Eurocard
5365957721608205|12|2023|859|MasterCard/Access/Eurocard
5365957721608205|02|2026|125|MasterCard/Access/Eurocard
5365957721608205|07|2024|469|MasterCard/Access/Eurocard
5365957721608205|01|2026|998|MasterCard/Access/Eurocard
5365957721608205|01|2024|426|MasterCard/Access/Eurocard
5365957721608205|04|2024|884|MasterCard/Access/Eurocard
5365957721608205|02|2026|738|MasterCard/Access/Eurocard
5365957721608205|12|2024|781|MasterCard/Access/Eurocard
